190 s 66 190 Primes: [2, 2, 2, 2, 2, 2, 2, 5, 5, 5]
8001 s 8000 8001 Primes: [16001]
189 s 63 189 Primes: [2, 3, 3, 7, 127]
628 s 603 628 Primes: [13, 1231]
2004 s 1997 2004 Primes: [2, 2, 4001]
179 s 15 179 Primes: [3, 5, 11, 97]
181 s 31 181 Primes: [2, 53, 151]
8004 s 8003 8004 Primes: [16007]
227 s 141 227 Primes: [2, 2, 2, 3, 23, 29]
1150 s 1137 1150 Primes: [7, 2287]
810 s 791 810 Primes: [2, 5, 1601]
323 s 270 323 Primes: [3, 3, 3, 593]
2005 s 1998 2005 Primes: [2, 2, 4003]
186 s 53 186 Primes: [67, 239]
180 s 24 180 Primes: [2, 3, 17, 157]
1606 s 1597 1606 Primes: [5, 3203]
183 s 41 183 Primes: [2, 2, 2, 2, 7, 11, 13]
197 s 84 197 Primes: [3, 19, 281]
4006 s 4003 4006 Primes: [2, 8009]
179 s 14 179 Primes: [83, 193]
193 s 74 193 Primes: [2, 2, 3, 3, 5, 89]
253 s 180 253 Primes: [37, 433]
4007 s 4004 4007 Primes: [2, 8011]
182 s 36 182 Primes: [3, 7, 7, 109]
1009 s 994 1009 Primes: [2, 2, 2, 2003]
345 s 296 345 Primes: [5, 5, 641]
1341 s 1330 1341 Primes: [2, 3, 2671]
217 s 124 217 Primes: [11, 31, 47]
2007 s 2000 2007 Primes: [2, 2, 4007]
185 s 49 185 Primes: [3, 3, 13, 137]
184 s 45 184 Primes: [2, 5, 7, 229]
236 s 155 236 Primes: [17, 23, 41]
179 s 13 179 Primes: [2, 2, 2, 2, 2, 3, 167]
8017 s 8016 8017 Primes: [16033]
4010 s 4007 4010 Primes: [2, 8017]
549 s 520 549 Primes: [3, 5, 1069]
181 s 30 181 Primes: [2, 2, 19, 211]
180 s 23 180 Primes: [7, 29, 79]
187 s 56 187 Primes: [2, 3, 3, 3, 3, 3, 3, 11]
229 s 144 229 Primes: [43, 373]
240 s 161 240 Primes: [2, 2, 2, 5, 401]
2676 s 2671 2676 Primes: [3, 5347]
334 s 283 334 Primes: [2, 13, 617]
192 s 71 192 Primes: [61, 263]
179 s 12 179 Primes: [2, 2, 3, 7, 191]
1609 s 1600 1609 Primes: [5, 3209]
198 s 86 198 Primes: [2, 71, 113]
900 s 883 900 Primes: [3, 3, 1783]
254 p 118 136 Primes: [2, 2, 2, 2, 17, 59]
740 s 719 740 Primes: [11, 1459]
203 s 97 203 Primes: [2, 3, 5, 5, 107]
1153 s 1140 1153 Primes: [7, 2293]
2010 s 2003 2010 Primes: [2, 2, 4013]
2678 s 2673 2678 Primes: [3, 5351]
220 s 129 220 Primes: [2, 23, 349]
179 s 11 179 Primes: [5, 13, 13, 19]
183 s 40 183 Primes: [2, 2, 2, 3, 3, 223]
8029 s 8028 8029 Primes: [16057]
182 s 35 182 Primes: [2, 7, 31, 37]
180 s 22 180 Primes: [3, 53, 101]
226 s 139 226 Primes: [2, 2, 5, 11, 73]
8031 s 8030 8031 Primes: [16061]
1344 s 1333 1344 Primes: [2, 3, 2677]
8032 s 8031 8032 Primes: [16063]
189 s 62 189 Primes: [2, 2, 2, 2, 2, 2, 251]
179 s 10 179 Primes: [3, 3, 3, 5, 7, 17]
196 s 81 196 Primes: [2, 29, 277]
8034 s 8033 8034 Primes: [16067]
206 s 103 206 Primes: [2, 2, 3, 13, 103]
8035 s 8034 8035 Primes: [16069]
813 s 794 813 Primes: [2, 5, 1607]
276 s 211 276 Primes: [3, 11, 487]
199 s 88 199 Primes: [2, 2, 2, 7, 7, 41]
8037 s 8036 8037 Primes: [16073]
179 s 9 179 Primes: [2, 3, 3, 19, 47]
346 s 297 346 Primes: [5, 5, 643]
2013 s 2006 2013 Primes: [2, 2, 4019]
185 s 48 185 Primes: [3, 23, 233]
4021 s 4018 4021 Primes: [2, 8039]
1155 s 1142 1155 Primes: [7, 2297]
180 s 21 180 Primes: [2, 2, 2, 2, 3, 5, 67]
631 s 606 631 Primes: [13, 1237]
179 s 8 179 Primes: [2, 11, 17, 43]
902 s 885 902 Primes: [3, 3, 1787]
2014 s 2007 2014 Primes: [2, 2, 4021]
1613 s 1604 1613 Primes: [5, 3217]
233 s 150 233 Primes: [2, 3, 7, 383]
8044 s 8043 8044 Primes: [16087]
1013 s 998 1013 Primes: [2, 2, 2, 2011]
179 s 7 179 Primes: [3, 31, 173]
814 s 795 814 Primes: [2, 5, 1609]
8046 s 8045 8046 Primes: [16091]
182 s 34 182 Primes: [2, 2, 3, 3, 3, 149]
181 s 28 181 Primes: [7, 11, 11, 19]
335 s 284 335 Primes: [2, 13, 619]
179 s 6 179 Primes: [3, 5, 29, 37]
283 s 220 283 Primes: [2, 2, 2, 2, 2, 503]
8049 s 8048 8049 Primes: [16097]
1347 s 1336 1347 Primes: [2, 3, 2683]
490 s 457 490 Primes: [17, 947]
179 s 5 179 Primes: [2, 2, 5, 5, 7, 23]
903 s 886 903 Primes: [3, 3, 1789]
214 s 118 214 Primes: [2, 83, 97]
8052 s 8051 8052 Primes: [16103]
179 s 4 179 Primes: [2, 2, 2, 3, 11, 61]
1615 s 1606 1615 Primes: [5, 3221]
4028 s 4025 4028 Primes: [2, 8053]
179 s 3 179 Primes: [3, 7, 13, 59]
2017 s 2010 2017 Primes: [2, 2, 4027]
179 s 2 179 Primes: [89, 181]
179 s 1 179 Primes: [2, 3, 3, 5, 179]
8056 s 8055 8056 Primes: [16111]
258 p 106 152 Primes: [2, 2, 2, 2, 19, 53]
188 s 58 188 Primes: [3, 41, 131]
589 s 562 589 Primes: [2, 7, 1151]
201 s 92 201 Primes: [5, 11, 293]
186 s 51 186 Primes: [2, 2, 3, 17, 79]
184 s 43 184 Primes: [71, 227]
4031 s 4028 4031 Primes: [2, 8059]
180 s 19 180 Primes: [3, 3, 3, 3, 199]
181 s 27 181 Primes: [2, 2, 2, 5, 13, 31]
213 s 116 213 Primes: [7, 7, 7, 47]
1349 s 1338 1349 Primes: [2, 3, 2687]
373 s 328 373 Primes: [23, 701]
185 s 47 185 Primes: [2, 2, 29, 139]
182 s 33 182 Primes: [3, 5, 5, 5, 43]
388 s 345 388 Primes: [2, 11, 733]
8064 s 8063 8064 Primes: [16127]
254 p 126 128 Primes: [2, 2, 2, 2, 2, 2, 2, 2, 3, 3, 7]
190 s 64 190 Primes: [127, 127]
816 s 797 816 Primes: [2, 5, 1613]
198 s 85 198 Primes: [3, 19, 283]
202 s 94 202 Primes: [2, 2, 37, 109]
183 s 38 183 Primes: [13, 17, 73]
1350 s 1339 1350 Primes: [2, 3, 2689]
265 s 196 265 Primes: [5, 7, 461]
1016 s 1001 1016 Primes: [2, 2, 2, 2017]
180 s 18 180 Primes: [3, 3, 11, 163]
4036 s 4033 4036 Primes: [2, 8069]
8070 s 8069 8070 Primes: [16139]
194 s 75 194 Primes: [2, 2, 3, 5, 269]
8071 s 8070 8071 Primes: [16141]
590 s 563 590 Primes: [2, 7, 1153]
2693 s 2688 2693 Primes: [3, 5381]
520 s 489 520 Primes: [2, 2, 2, 2, 1009]
1619 s 1610 1619 Primes: [5, 3229]
181 s 26 181 Primes: [2, 3, 3, 3, 13, 23]
187 s 54 187 Primes: [67, 241]
227 s 140 227 Primes: [2, 2, 11, 367]
405 s 364 405 Primes: [3, 7, 769]
211 s 112 211 Primes: [2, 5, 5, 17, 19]
291 s 230 291 Primes: [31, 521]
360 s 313 360 Primes: [2, 2, 2, 3, 673]
307 s 250 307 Primes: [29, 557]
180 s 17 180 Primes: [2, 41, 197]
224 s 135 224 Primes: [3, 3, 5, 359]
316 s 261 316 Primes: [2, 2, 7, 577]
182 s 32 182 Primes: [107, 151]
1352 s 1341 1352 Primes: [2, 3, 2693]
184 s 42 184 Primes: [11, 13, 113]
210 s 110 210 Primes: [2, 2, 2, 2, 2, 5, 101]
2696 s 2691 2696 Primes: [3, 5387]
4042 s 4039 4042 Primes: [2, 8081]
1161 s 1148 1161 Primes: [7, 2309]
260 s 189 260 Primes: [2, 2, 3, 3, 449]
193 s 72 193 Primes: [5, 53, 61]
186 s 50 186 Primes: [2, 59, 137]
209 s 108 209 Primes: [3, 17, 317]
266 p 94 172 Primes: [2, 2, 2, 43, 47]
255 s 182 255 Primes: [19, 23, 37]
180 s 16 180 Primes: [2, 3, 5, 7, 7, 11]
181 s 25 181 Primes: [103, 157]
207 s 104 207 Primes: [2, 2, 13, 311]
326 s 273 326 Primes: [3, 3, 3, 599]
4045 s 4042 4045 Primes: [2, 8087]
348 s 299 348 Primes: [5, 5, 647]
216 s 121 216 Primes: [2, 2, 2, 2, 3, 337]
1162 s 1149 1162 Primes: [7, 2311]
4046 s 4043 4046 Primes: [2, 8089]
2699 s 2694 2699 Primes: [3, 5393]
424 s 385 424 Primes: [2, 2, 5, 809]
746 s 725 746 Primes: [11, 1471]
192 s 69 192 Primes: [2, 3, 3, 29, 31]
8092 s 8091 8092 Primes: [16183]
195 s 77 195 Primes: [2, 2, 2, 7, 17, 17]
180 s 15 180 Primes: [3, 5, 13, 83]
4048 s 4045 4048 Primes: [2, 8093]
8094 s 8093 8094 Primes: [16187]
182 s 31 182 Primes: [2, 2, 3, 19, 71]
8095 s 8094 8095 Primes: [16189]
819 s 800 819 Primes: [2, 5, 1619]
191 s 66 191 Primes: [3, 3, 7, 257]
190 s 63 190 Primes: [2, 2, 2, 2, 2, 2, 11, 23]
8097 s 8096 8097 Primes: [16193]
1355 s 1344 1355 Primes: [2, 3, 2699]
181 s 24 181 Primes: [5, 41, 79]
2028 s 2021 2028 Primes: [2, 2, 4049]
2702 s 2697 2702 Primes: [3, 5399]
223 s 133 223 Primes: [2, 7, 13, 89]
180 s 14 180 Primes: [97, 167]
184 s 41 184 Primes: [2, 2, 2, 3, 3, 3, 3, 5, 5]
493 s 460 493 Primes: [17, 953]
4052 s 4049 4052 Primes: [2, 8101]
278 s 213 278 Primes: [3, 11, 491]
2029 s 2022 2029 Primes: [2, 2, 4051]
266 s 197 266 Primes: [5, 7, 463]
183 s 36 183 Primes: [2, 3, 37, 73]
445 s 408 445 Primes: [19, 853]
522 s 491 522 Primes: [2, 2, 2, 2, 1013]
909 s 892 909 Primes: [3, 3, 1801]
820 s 801 820 Primes: [2, 5, 1621]
231 s 146 231 Primes: [13, 29, 43]
180 s 13 180 Primes: [2, 2, 3, 7, 193]
292 s 231 292 Primes: [31, 523]
194 s 74 194 Primes: [2, 11, 11, 67]
185 s 45 185 Primes: [3, 5, 23, 47]
1021 s 1006 1021 Primes: [2, 2, 2, 2027]
8109 s 8108 8109 Primes: [16217]
181 s 23 181 Primes: [2, 3, 3, 17, 53]
214 s 117 214 Primes: [7, 7, 331]
425 s 386 425 Primes: [2, 2, 5, 811]
2706 s 2701 2706 Primes: [3, 5407]
4057 s 4054 4057 Primes: [2, 8111]
8112 s 8111 8112 Primes: [16223]
180 s 12 180 Primes: [2, 2, 2, 2, 2, 3, 13, 13]
196 s 79 196 Primes: [5, 5, 11, 59]
188 s 56 188 Primes: [2, 7, 19, 61]
327 s 274 327 Primes: [3, 3, 3, 601]
2032 s 2025 2032 Primes: [2, 2, 4057]
8115 s 8114 8115 Primes: [16229]
300 s 241 300 Primes: [2, 3, 5, 541]
8116 s 8115 8116 Primes: [16231]
1022 s 1007 1022 Primes: [2, 2, 2, 2029]
407 s 366 407 Primes: [3, 7, 773]
4060 s 4057 4060 Primes: [2, 8117]
180 s 11 180 Primes: [5, 17, 191]
193 s 71 193 Primes: [2, 2, 3, 3, 11, 41]
637 s 612 637 Primes: [13, 1249]
222 s 131 222 Primes: [2, 23, 353]
2709 s 2704 2709 Primes: [3, 5413]
181 s 22 181 Primes: [2, 2, 2, 2, 5, 7, 29]
183 s 35 183 Primes: [109, 149]
1359 s 1348 1359 Primes: [2, 3, 2707]
256 s 183 256 Primes: [37, 439]
189 s 59 189 Primes: [2, 2, 31, 131]
180 s 10 180 Primes: [3, 3, 5, 19, 19]
4063 s 4060 4063 Primes: [2, 8123]
182 s 29 182 Primes: [7, 11, 211]
362 s 315 362 Primes: [2, 2, 2, 3, 677]
8125 s 8124 8125 Primes: [16249]
192 s 68 192 Primes: [2, 5, 5, 5, 5, 13]
2711 s 2706 2711 Primes: [3, 5417]
187 s 52 187 Primes: [2, 2, 17, 239]
8127 s 8126 8127 Primes: [16253]
180 s 9 180 Primes: [2, 3, 3, 3, 7, 43]
1630 s 1621 1630 Primes: [5, 3251]
191 s 65 191 Primes: [2, 2, 2, 2, 2, 2, 2, 127]
2712 s 2707 2712 Primes: [3, 5419]
391 s 348 391 Primes: [2, 11, 739]
185 s 44 185 Primes: [71, 229]
195 s 76 195 Primes: [2, 2, 3, 5, 271]
181 s 21 181 Primes: [7, 23, 101]
180 s 8 180 Primes: [2, 47, 173]
186 s 48 186 Primes: [3, 3, 13, 139]
205 s 99 205 Primes: [2, 2, 2, 19, 107]
1631 s 1622 1631 Primes: [5, 3253]
1361 s 1350 1361 Primes: [2, 3, 2711]
8134 s 8133 8134 Primes: [16267]
237 s 155 237 Primes: [2, 2, 7, 7, 83]
180 s 7 180 Primes: [3, 11, 17, 29]
823 s 804 823 Primes: [2, 5, 1627]
206 s 101 206 Primes: [53, 307]
200 s 88 200 Primes: [2, 2, 2, 2, 3, 3, 113]
8137 s 8136 8137 Primes: [16273]
209 s 107 209 Primes: [2, 79, 103]
180 s 6 180 Primes: [3, 5, 5, 7, 31]
208 s 105 208 Primes: [2, 2, 13, 313]
239 s 158 239 Primes: [41, 397]
1362 s 1351 1362 Primes: [2, 3, 2713]
184 s 39 184 Primes: [73, 223]
180 s 5 180 Primes: [2, 2, 2, 5, 11, 37]
181 s 20 181 Primes: [3, 3, 3, 3, 3, 67]
595 s 568 595 Primes: [2, 7, 1163]
447 s 410 447 Primes: [19, 857]
180 s 4 180 Primes: [2, 2, 3, 23, 59]
1633 s 1624 1633 Primes: [5, 3257]
273 s 206 273 Primes: [2, 17, 479]
180 s 3 180 Primes: [3, 61, 89]
286 s 223 286 Primes: [2, 2, 2, 2, 2, 509]
180 s 2 180 Primes: [7, 13, 179]
180 s 1 180 Primes: [2, 3, 3, 5, 181]
751 s 730 751 Primes: [11, 1481]
2040 s 2033 2040 Primes: [2, 2, 4073]
2718 s 2713 2718 Primes: [3, 5431]
4075 s 4072 4075 Primes: [2, 8147]
1634 s 1625 1634 Primes: [5, 3259]
201 s 90 201 Primes: [2, 2, 2, 3, 7, 97]
232 s 147 232 Primes: [43, 379]
198 s 83 198 Primes: [2, 29, 281]
914 s 897 914 Primes: [3, 3, 1811]
181 s 19 181 Primes: [2, 2, 5, 5, 163]
8151 s 8150 8151 Primes: [16301]
182 s 27 182 Primes: [2, 3, 11, 13, 19]
187 s 51 187 Primes: [7, 17, 137]
525 s 494 525 Primes: [2, 2, 2, 2, 1019]
558 s 529 558 Primes: [3, 5, 1087]
193 s 70 193 Primes: [2, 31, 263]
377 s 332 377 Primes: [23, 709]
183 s 33 183 Primes: [2, 2, 3, 3, 3, 151]
220 s 127 220 Primes: [47, 347]
186 s 47 186 Primes: [2, 5, 7, 233]
2721 s 2716 2721 Primes: [3, 5437]
1027 s 1012 1027 Primes: [2, 2, 2, 2039]
752 s 731 752 Primes: [11, 1483]
1365 s 1354 1365 Primes: [2, 3, 2719]
190 s 61 190 Primes: [5, 13, 251]
2043 s 2036 2043 Primes: [2, 2, 4079]
184 s 38 184 Primes: [3, 3, 7, 7, 37]
181 s 18 181 Primes: [2, 41, 199]
8160 s 8159 8160 Primes: [16319]
191 s 64 191 Primes: [2, 2, 2, 2, 2, 2, 3, 5, 17]
448 s 411 448 Primes: [19, 859]
4082 s 4079 4082 Primes: [2, 8161]
2723 s 2718 2723 Primes: [3, 5441]
229 s 142 229 Primes: [2, 2, 7, 11, 53]
351 s 302 351 Primes: [5, 5, 653]
471 s 436 471 Primes: [2, 3, 3, 907]
310 s 253 310 Primes: [29, 563]
182 s 26 182 Primes: [2, 2, 2, 13, 157]
2724 s 2719 2724 Primes: [3, 5443]
199 s 85 199 Primes: [2, 5, 23, 71]
1173 s 1160 1173 Primes: [7, 2333]
692 s 669 692 Primes: [2, 2, 3, 1361]
8167 s 8166 8167 Primes: [16333]
4085 s 4082 4085 Primes: [2, 8167]
181 s 17 181 Primes: [3, 3, 3, 5, 11, 11]
526 s 495 526 Primes: [2, 2, 2, 2, 1021]
294 s 233 294 Primes: [17, 31, 31]
236 s 153 236 Primes: [2, 3, 7, 389]
8170 s 8169 8170 Primes: [16339]
183 s 32 183 Primes: [2, 2, 5, 19, 43]
248 s 171 248 Primes: [3, 13, 419]
4087 s 4084 4087 Primes: [2, 8171]
197 s 80 197 Primes: [59, 277]
185 s 42 185 Primes: [2, 2, 2, 3, 3, 227]
268 s 199 268 Primes: [5, 7, 467]
393 s 350 393 Primes: [2, 11, 743]
2727 s 2722 2727 Primes: [3, 5449]
256 p 122 134 Primes: [2, 2, 61, 67]
8175 s 8174 8175 Primes: [16349]
204 s 96 204 Primes: [2, 3, 5, 5, 109]
181 s 16 181 Primes: [83, 197]
258 p 112 146 Primes: [2, 2, 2, 2, 2, 7, 73]
182 s 25 182 Primes: [3, 3, 23, 79]
184 s 37 184 Primes: [2, 13, 17, 37]
1640 s 1631 1640 Primes: [5, 3271]
186 s 46 186 Primes: [2, 2, 3, 29, 47]
754 s 733 754 Primes: [11, 1487]
4091 s 4088 4091 Primes: [2, 8179]
189 s 57 189 Primes: [3, 7, 19, 41]
244 s 165 244 Primes: [2, 2, 2, 5, 409]
8181 s 8180 8181 Primes: [16361]
205 s 98 205 Primes: [2, 3, 3, 3, 3, 101]
8182 s 8181 8182 Primes: [16363]
2049 s 2042 2049 Primes: [2, 2, 4091]
560 s 531 560 Primes: [3, 5, 1091]
181 s 15 181 Primes: [2, 7, 7, 167]
642 s 617 642 Primes: [13, 1259]
218 s 123 218 Primes: [2, 2, 2, 2, 3, 11, 31]
8185 s 8184 8185 Primes: [16369]
828 s 809 828 Primes: [2, 5, 1637]
183 s 31 183 Primes: [3, 3, 17, 107]
2050 s 2043 2050 Primes: [2, 2, 4093]
1176 s 1163 1176 Primes: [7, 2339]
1370 s 1359 1370 Primes: [2, 3, 2729]
190 s 60 190 Primes: [5, 5, 5, 131]
228 s 140 228 Primes: [2, 2, 2, 23, 89]
182 s 24 182 Primes: [3, 53, 103]
253 s 178 253 Primes: [2, 19, 431]
755 s 734 755 Primes: [11, 1489]
181 s 14 181 Primes: [2, 2, 3, 3, 5, 7, 13]
8191 s 8190 8191 Primes: [16381]
4097 s 4094 4097 Primes: [2, 8191]
191 s 63 191 Primes: [3, 43, 127]
256 p 128 128 Primes: [2, 2, 2, 2, 2, 2, 2, 2, 2, 2, 2, 2, 2, 2]
Total s's: 378     Total p's: 7     Total else: 15999
